0.000
0.000
0.000
0.000
0.00
0.00
0.00
0.00
0.00
0.00
0.00
0.00
0.00
0.00
0.00
0.00
0.00
0.00
0.00
0.00
0.00
0.00
0.00
0.00
0.00
0.00
0.00
0.02
0.04
0.07
0.10
0.14
0.18
0.22
0.26
0.30
0.35
0.40
0.45
0.51
0.57
0.63
0.70
0.77
0.85
0.93
1.03
1.12
1.23
1.33
1.43
1.52
1.64
1.76
1.89
2.01
2.14
2.28
2.44
2.62
2.81
3.02
3.22
3.45
3.68
3.92
4.16
4.44
4.74
5.03
5.33
5.65
5.98
6.32
6.66
7.00
7.34
7.72
8.10
8.55
8.98
9.41
9.85
10.28
10.75
11.22
11.73
12.27
12.83
13.39
13.93
14.48
15.05
15.64
16.24
16.86
17.45
18.07
18.67
19.29
19.89
20.55
21.23
21.99
